solver_type L2R_LR
nr_class 2
label 1 0
nr_feature 70
bias -1
w
0.06621718555914127 
-0.2665127420290796 
0.3013190721281366 
0 
0 
0.01792637280245159 
0.288547028464574 
0.1290680670369019 
0.1710662385926831 
0.09215957696486851 
0 
0 
-0.05464301893863177 
0.4017963356045187 
-0.05253870659289504 
0 
0.4116291808093989 
0.6145686262571868 
0 
0.2484915416577728 
0.0115901575556866 
-0.001293995424347838 
-0.05907010302240265 
0 
0 
0.2103419214830383 
0.3455576478469194 
0 
-0.03425708200091703 
0.06282509681493087 
0 
0.178984764548585 
0 
0 
0 
0 
0.01510795109348409 
0 
0 
0.3605895085595761 
0.2751755701518769 
-0.03270838039454541 
0 
-0.08615702818406229 
-0.03799546143748904 
0.0005816080382582248 
0 
0.06118352495050797 
0 
0.2868601645999219 
0 
-0.2541527444604895 
0 
0 
0 
-0.007002349030862151 
0.8581068632079706 
0 
0 
0 
0 
0 
0 
0 
0 
0 
0 
0 
0 
0 
